20
1
0 67 34 0 69 24 78 58 62 64 5 45 81 27 61 91 95 42 27 36 
67 0 91 4 2 53 92 82 21 16 18 95 47 26 71 38 69 12 67 99 
34 91 0 35 94 3 11 22 33 73 64 41 11 53 68 47 44 62 57 37 
0 4 35 0 59 23 41 29 78 16 35 90 42 88 6 40 42 64 48 46 
69 2 94 59 0 5 90 29 70 50 6 1 93 48 29 23 84 54 56 40 
24 53 3 23 5 0 66 76 31 8 44 39 26 23 37 38 18 82 29 41 
78 92 11 41 90 66 0 33 15 39 58 4 30 77 6 73 86 21 45 24 
58 82 22 29 29 76 33 0 72 70 29 77 73 97 12 86 90 61 36 55 
62 21 33 78 70 31 15 72 0 67 55 74 31 52 50 50 41 24 66 30 
64 16 73 16 50 8 39 70 67 0 7 91 7 37 57 87 53 83 45 9 
5 18 64 35 6 44 58 29 55 7 0 9 58 21 88 22 46 6 30 13 
45 95 41 90 1 39 4 77 74 91 9 0 68 0 91 62 55 10 59 24 
81 47 11 42 93 26 30 73 31 7 58 68 0 37 48 83 95 41 2 50 
27 26 53 88 48 23 77 97 52 37 21 0 37 0 91 36 74 20 96 21 
61 71 68 6 29 37 6 12 50 57 88 91 48 91 0 48 99 68 84 81 
91 38 47 40 23 38 73 86 50 87 22 62 83 36 48 0 34 53 99 18 
95 69 44 42 84 18 86 90 41 53 46 55 95 74 99 34 0 38 0 88 
42 12 62 64 54 82 21 61 24 83 6 10 41 20 68 53 38 0 27 67 
27 67 57 48 56 29 45 36 66 45 30 59 2 96 84 99 0 27 0 28 
36 99 37 46 40 41 24 55 30 9 13 24 50 21 81 18 88 67 28 0 
